0 29 15746062 1
29 36 10639311 1
65 40 8900533 6
105 27 15746253 6
132 14 11101689 4
146 26 14572900 3
172 33 8887661 6
205 30 11559949 3
235 68 9931297 5
303 44 12674495 2
347 36 15215887 2
383 36 9430691 3
419 16 10637504 2
435 14 9990121 1
449 20 7588595 3
469 29 9990007 2
498 38 12673675 4
536 42 15201983 1
578 32 11103796 4
610 40 11559707 6
650 25 11533036 4
675 41 10656451 4
716 31 9931461 3
747 15 9930302 1
762 9 1640731 1
771 22 10656686 3
793 49 11544337 2
842 60 8290273 4
902 20 11532855 2
922 29 10639135 5
