0 52 9915838 2
52 17 9915850 0
69 43 9915850 3
112 18 9915860 2
130 78 9915849 2
208 54 9914159 1
262 18 9918920 0
280 17 9920902 0
297 14 9914486 0
311 18 9920756 0
329 30 9987010 3
359 15 9922122 0
374 25 9920410 3
399 32 9914474 7
431 21 9914474 9
452 22 9920279 0
474 20 9918857 4
494 37 9918857 6
531 11 9988683 2
542 21 9920505 0
563 28 9973488 1
591 35 9973595 3
626 48 9920833 1
674 19 9914162 5
693 37 9914162 6
730 55 9914162 7
785 22 9988757 0
807 19 9914532 0
826 42 9974215 5
868 19 9915837 1
887 14 9914176 0
901 13 9989781 1
914 21 9989809 1
935 30 9914793 3
965 29 9915795 1
994 20 9914383 0
1014 46 9914383 4
1060 20 9916109 0
1080 26 9973378 2
1106 22 9917510 0
