0 59 15808521 4
59 77 11584061 10
136 38 11336975 0
174 56 9838922 6
230 196 15724245 1
426 38 9718352 8
464 69 11587068 8
533 38 10825581 1
571 79 9926400 5
650 64 10666196 2
714 79 9128286 4
793 56 11386852 9
849 41 12787913 6
890 33 9697826 4
923 28 11175293 3
951 58 12637328 1
1009 67 9028959 6
1076 42 8809053 3
1118 24 12150339 7
1142 39 16274839 10
1181 45 10467944 7
1226 46 1955079 7
1272 109 10769071 2
1381 39 10780882 3
1420 60 14688799 1
1480 50 12637241 5
1530 50 11777997 1
1580 42 11777997 3
1622 45 8186286 1
1667 53 11110681 3
1720 53 10775791 1
1773 63 7849294 2
1836 61 12682271 2
1897 101 11390979 3
1998 46 11067934 5
2044 33 14502781 9
2077 31 11149241 3
2108 62 11149241 4
2170 45 10369160 5
2215 36 2082179 1
2251 73 11261779 3
2324 50 15841391 7
2374 49 14522500 5
2423 37 10879746 5
