0 18 11967159 0
18 19 11967159 9
37 25 10027981 1
62 42 10027981 2
104 24 10027981 4
128 74 10982444 1
202 41 10982444 4
243 21 11788965 5
264 22 14962816 3
286 20 14962816 4
306 42 14962816 5
348 41 12017543 4
389 37 10803549 1
426 33 1358753 4
459 28 10027972 0
487 27 10027972 2
514 24 12228259 2
538 31 10191090 8
569 21 8288531 1
590 31 10027980 1
621 26 12023900 4
647 37 10556313 4
684 34 10556313 5
718 28 10949371 1
746 26 10949371 6
772 43 10929938 1
815 29 11929523 0
844 38 11929523 4
882 22 11844762 1
904 32 11032021 5
936 29 11830669 1
965 19 14506398 5
984 36 14506398 6
1020 41 10929944 3
1061 11 10028182 0
1072 25 10028182 2
1097 14 10021331 2
1111 34 11944914 3
1145 36 11944914 5
1181 34 10200305 5
1215 28 10200305 7
1243 24 10900827 1
1267 43 10900827 3
1310 36 10029598 11
1346 34 10966390 1
1380 20 14660440 0
1400 17 14660440 1
1417 27 11384228 2
1444 38 15243700 3
1482 41 10902712 1
1523 28 1327749 1
1551 48 10625702 1
1599 34 10966398 1
1633 29 10966398 2
1662 21 12876194 0
1683 40 10073708 1
1723 60 10028058 1
1783 40 10028058 2
1823 24 15302954 0
1847 30 15302954 1
1877 45 11123689 6
1922 25 11123689 9
1947 29 10717479 1
1976 13 11988516 0
1989 18 11988516 1
2007 22 11988516 8
2029 16 14574705 0
2045 37 14574705 1
2082 39 14574705 6
2121 29 14574705 7
2150 29 10972660 13
2179 48 10805458 1
2227 34 10805458 5
2261 51 10805458 8
2312 44 11132925 1
2356 25 11988517 1
2381 23 2111142 0
2404 34 10548583 6
2438 27 10548726 0
2465 14 10548726 5
2479 21 1358174 0
2500 23 1358174 1
2523 34 1358174 2
2557 39 12021174 3
2596 30 10483053 4
2626 40 15367632 1
2666 16 10542165 1
2682 20 12486060 2
2702 16 10200308 0
2718 24 10051628 5
2742 37 10487212 1
2779 26 10487212 3
2805 17 15576670 0
2822 25 11123694 1
2847 37 11123694 3
2884 68 11823218 2
2952 12 11844764 0
2964 18 11844764 5
2982 37 10233959 1
3019 41 10233959 9
3060 21 10021339 0
3081 34 11179301 2
3115 41 15044262 3
3156 47 11849541 1
3203 30 11161030 4
3233 16 11939908 0
3249 34 12395150 1
3283 17 10524754 0
3300 30 10524754 5
